  100.0000000000 90.0000000000 20.0000000000
   90.0000000000 90.0000000000 40.0000000000
   90.0000000000 110.0000000000 40.0000000000
  100.0000000000 110.0000000000 20.0000000000

  100.0000000000 90.0000000000 20.0000000000
  110.0000000000 90.0000000000 40.0000000000
  110.0000000000 110.0000000000 40.0000000000
  100.0000000000 110.0000000000 20.0000000000

  100.0000000000 90.0000000000 20.0000000000
  110.0000000000 90.0000000000 0.0000000000
  110.0000000000 110.0000000000 0.0000000000
  100.0000000000 110.0000000000 20.0000000000

  100.0000000000 90.0000000000 20.0000000000
   90.0000000000 90.0000000000 0.0000000000
   90.0000000000 110.0000000000 0.0000000000
  100.0000000000 110.0000000000 20.0000000000

  100.0000000000 90.0000000000 20.0000000000
   90.0000000000 90.0000000000 40.0000000000
   90.0000000000 110.0000000000 40.0000000000
  100.0000000000 110.0000000000 20.0000000000
